1 2 0.7099787320839346
1 4 0.1870926252838444
1 5 0.5998130426721116
1 9 0.8733876614779357
1 10 0.9037327656720566
1 11 0.4524893748968253
1 13 0.7834611390171993
1 14 0.4875376996951366
1 15 0.953897045709787
1 16 0.846302581102093
1 17 0.4923898451595635
1 19 0.971523748837088
1 21 0.7631912167204079
1 23 0.1763776155646078
2 3 0.2606406234251368
2 4 0.3854072080804068
2 5 0.5764798688916787
2 6 0.666733737350929
2 7 0.3804244909245915
2 8 0.1944605390217683
2 10 0.4803765216063264
2 11 0.0991242079648616
2 13 0.5559264511278175
2 18 0.968418501418568
2 20 0.7912371298641205
2 21 0.3597629755944919
2 23 0.915539372799388
3 1 0.7380194424970097
3 3 0.0599256158237937
3 4 0.7620290908187255
3 8 0.3457177628952759
3 11 0.5156184760171398
3 14 0.6350822506800244
3 15 0.4995249314149718
3 17 0.0651506764925607
3 18 0.9114386831692556
3 19 0.2283308413947877
3 20 0.0506690940407179
3 22 0.9412055858505524
4 5 0.6530632148246546
4 10 0.9385972122551244
4 11 0.8245644808914256
4 12 0.8453267107552719
4 14 0.9632144551261032
4 18 0.4395188647136896
4 19 0.516184190246664
4 21 0.5169213455218764
4 23 0.9517515329309384
4 24 0.2286581824194397
5 2 0.542589708234979
5 3 0.0024552495064226
5 4 0.9974348580205254
5 9 0.2740081458102936
5 10 0.8264131257788278
5 11 0.8386356986646195
5 13 0.1137152215566292
5 15 0.0615547177664241
5 18 0.4651131367162701
5 19 0.8581933607981074
5 20 0.2256414826826414
5 21 0.2059863123933937
5 23 0.5034939283087118
6 1 0.954493532622988
6 4 0.4021085996842158
6 9 0.3374007093405834
6 10 0.4596695909238235
6 13 0.7186326582609913
6 18 0.752005792825668
6 19 0.3657622338387806
6 22 0.2615374305921699
6 23 0.1231027215985347
6 24 0.90036789681
7 1 0.2204678651509367
7 2 0.129588845278275
7 3 0.0537418503261544
7 4 0.2792167233443076
7 5 0.4213682609156344
7 6 0.632087536092137
7 9 0.8302385883783563
7 10 0.4386805654315593
7 11 0.4793220486526515
7 13 0.8586295673375209
7 15 0.170340392389259
7 16 0.2693504676334968
7 18 0.7734527440361015
7 19 0.1584647452778406
7 20 0.3334629210252489
7 21 0.955943683364793
7 23 0.1116705604546881
7 24 0.4363512731032635
8 2 0.5840858550916973
8 3 0.4577039444874805
8 4 0.9155204292263336
8 5 0.4988969140055301
8 9 0.5027414909162133
8 12 0.3676985191211039
8 16 0.4970951216953363
8 17 0.9745553737668188
8 21 0.8355845031958268
8 22 0.1229167036661542
9 1 0.2730867865924108
9 3 0.604345547878096
9 4 0.7188978121624124
9 9 0.8642719866041779
9 10 0.5400313957996531
9 11 0.774680500343185
9 13 0.4953320360251615
9 17 0.9020174414838448
9 19 0.5814539142016484
9 23 0.0719946362986385
10 1 0.8101913683135532
10 2 0.6319501752278504
10 3 0.7868139340013182
10 4 0.5980745431762486
10 5 0.4713937859625885
10 9 0.1548472073308218
10 10 0.6149987198114201
10 12 0.7631967555281451
10 16 0.7611180962675096
10 17 0.9377088051353843
10 20 0.5410968717334851
10 21 0.8159343118672702
10 22 0.9681002163679574
11 2 0.2038296977906157
11 3 0.4019481068820966
11 4 0.4920644722467172
11 5 0.9202006169777568
11 6 0.3604608866206075
11 7 0.0176611339362359
11 11 0.724188280064816
11 12 0.471618252955454
11 13 0.2267658466900974
11 14 0.2662147114297202
11 15 0.2825776783277821
11 16 0.3202261638435693
11 17 0.3894968063437611
11 18 0.9510816074398628
11 19 0.8884711813614674
11 21 0.6190624444182627
11 23 0.7568076794606067
12 4 0.9534691214551158
12 5 0.7165791840514386
12 6 0.5030199963992702
12 8 0.2518624593404056
12 9 0.6119179747071684
12 12 0.3772808769162139
12 13 0.9080455251897908
12 14 0.3551549175926402
12 19 0.3177796112572832
12 20 0.5310624614451562
12 21 0.4790038570364052
12 22 0.2253833261201832
12 23 0.5175905968915706
13 2 0.5959607032514121
13 6 0.1090538798458894
13 7 0.5307338170935929
13 8 0.0938844770883916
13 9 0.8550347673236589
13 11 0.2529524109046994
13 13 0.0189066318182076
13 14 0.9145379676587476
13 17 0.6655513681601405
13 18 0.2149147746053896
13 19 0.9313067847631245
13 22 0.8439920786154528
14 3 0.33491557007131
14 4 0.4597783093972738
14 6 0.6285895199654127
14 7 0.2629295801933847
14 8 0.2988705795337422
14 10 0.1330260879433188
14 11 0.2692232037473312
14 13 0.3535513828966088
14 15 0.6097627204250202
14 18 0.5601970453961906
14 21 0.6446187544340946
15 4 0.4053190019758277
15 10 0.225091727816043
15 11 0.9545916457004916
15 12 0.7550898273243446
15 13 0.9980815730994964
15 15 0.1641833127303338
15 17 0.687484569590334
15 18 0.3547179490563692
15 19 0.8169070513156539
15 20 0.1386909631180862
15 21 0.1068412267679619
15 22 0.966165620914802
15 23 0.5627036597977768
16 1 0.7783112325375958
16 2 0.1543067590227745
16 3 0.8257803900985701
16 4 0.7555311432622174
16 11 0.8983273822209051
16 12 0.3842924409596718
16 13 0.364133186464141
16 15 0.5771741189272965
16 16 0.6418550827830438
16 17 0.848687829977928
16 19 0.0466392119612228
16 20 0.2229251352042623
16 21 0.2691545104246132
16 22 0.6181959791846982
17 5 0.3641014537161395
17 6 0.4379099767620179
17 8 0.597541123225888
17 9 0.0149687689435731
17 10 0.0773457166732047
17 11 0.4135764180027927
17 12 0.9779114736701978
17 13 0.963056689852974
17 15 0.0174440268293925
17 16 0.3707231574019572
17 18 0.7824200530286267
17 20 0.2114024540057174
17 22 0.7009900878103988
17 23 0.3896287557085943
17 24 0.2118669008005768
18 2 0.9187651957240476
18 3 0.6679996521809389
18 6 0.7703060112463711
18 7 0.2923545755993774
18 9 0.590898224501576
18 11 0.3417552895598063
18 13 0.9502502698705872
18 20 0.5332576077141211
18 23 0.2234555064614176
18 24 0.7984278349014906
19 1 0.9104529288660812
19 3 0.4402466568327318
19 6 0.6215823155193945
19 7 0.8003406951549983
19 9 0.141612275903364
19 10 0.9734675730613426
19 12 0.8894219968377072
19 13 0.1279883391210788
19 14 0.2775732026980112
19 15 0.6863579823464158
19 16 0.4764077843726586
19 22 0.0353851833576592
19 23 0.5335690381827908
20 2 0.7615663354620666
20 3 0.1371930759289336
20 4 0.2176048049868951
20 5 0.1968647664224901
20 6 0.047280299246579
20 8 0.3849181227867083
20 10 0.2267119385272548
20 11 0.4406590618575495
20 13 0.955061768619224
20 17 0.0273541029945628
20 21 0.1129566465327576
21 4 0.9434341687525468
21 7 0.6611249685235097
21 8 0.1529379420984724
21 9 0.2060597236975191
21 13 0.753760032314655
21 16 0.6420512778031913
21 17 0.5718430397972598
21 19 0.5031861612794039
21 20 0.160035653909949
21 21 0.3038854785732787
21 23 0.260090818800745
21 24 0.0759837910199265
22 4 0.2987683341136009
22 5 0.9096807794191984
22 6 0.6327449492253919
22 7 0.9899311588961992
22 12 0.2208496800200523
22 15 0.5668756264059195
22 16 0.4609436472620155
22 17 0.6971401236929848
22 20 0.6025257559771576
22 21 0.0582700861568418
22 23 0.4579521238201163
23 1 0.8856594602983077
23 2 0.1116366291417697
23 4 0.8111203739502415
23 6 0.357934343398577
23 8 0.5736488823869986
23 10 0.462868676037333
23 11 0.7919772863015142
23 12 0.0356262563212692
23 16 0.5750732538126332
23 19 0.7175975543549242
23 20 0.2109638863277526
23 23 0.7444279255504611
23 24 0.1788911942249147
24 4 0.7958015231297032
24 5 0.03337046297314
24 6 0.8478638146496926
24 7 0.2011636131660856
24 10 0.0805936430063652
24 12 0.2563040586638941
24 13 0.851373279793141
24 17 0.932049760500138
24 18 0.694230774645286
24 20 0.7956473503689938
24 21 0.7644397371640574
24 22 0.5963149816956891
24 23 0.5837589089623556
24 24 0.076394136360262
